Train Data : 

 [[ 0.  0.  0. ...,  1.  1.  0.]
 [ 0.  0.  0. ...,  1.  1.  1.]
 [ 0.  0.  0. ...,  0.  1.  1.]
 ..., 
 [ 0.  0.  0. ...,  0.  0.  1.]
 [ 0.  1.  0. ...,  0.  1.  1.]
 [ 1.  1.  0. ...,  1.  1.  1.]]

Train label : 

[ 17.  17.  17.  17.  17.  17.  17.  17.  17.  17.  17.  17.  17.  17.  17.
  17.  17.  17.  17.  17.  17.  17.  17.  17.  17.  17.  17.  17.  17.  17.
  17.  17.  17.  17.  17.  18.  18.  18.  18.  18.  18.  18.  18.  18.  18.
  18.  18.  18.  18.  18.  18.  18.  18.  18.  18.  18.  18.  18.  18.  18.
  18.  18.  18.  18.  18.  18.  18.  18.  18.  18.  19.  19.  19.  19.  19.
  19.  19.  19.  19.  19.  19.  19.  19.  19.  19.  19.  19.  19.  19.  19.
  19.  19.  19.  19.  19.  19.  19.  19.  19.  19.  19.  19.  19.  19.  19.
  20.  20.  20.  20.  20.  20.  20.  20.  20.  20.  20.  20.  20.  20.  20.
  20.  20.  20.  20.  20.  20.  20.  20.  20.  20.  20.  20.  20.  20.  20.
  20.  20.  20.  20.  20.  21.  21.  21.  21.  21.  21.  21.  21.  21.  21.
  21.  21.  21.  21.  21.  21.  21.  21.  21.  21.  21.  21.  21.  21.  21.
  21.  21.  21.  21.  21.  21.  21.  21.  21.  21.  22.  22.  22.  22.  22.
  22.  22.  22.  22.  22.  22.  22.  22.  22.  22.  22.  22.  22.  22.  22.
  22.  22.  22.  22.  22.  22.  22.  22.  22.  22.  22.  22.  22.  22.  22.
  23.  23.  23.  23.  23.  23.  23.  23.  23.  23.  23.  23.  23.  23.  23.
  23.  23.  23.  23.  23.  23.  23.  23.  23.  23.  23.  23.  23.  23.  23.
  23.  23.  23.  23.  23.  24.  24.  24.  24.  24.  24.  24.  24.  24.  24.
  24.  24.  24.  24.  24.  24.  24.  24.  24.  24.  24.  24.  24.  24.  24.
  24.  24.  24.  24.  24.  24.  24.  24.  24.  24.  25.  25.  25.  25.  25.
  25.  25.  25.  25.  25.  25.  25.  25.  25.  25.  25.  25.  25.  25.  25.
  25.  25.  25.  25.  25.  25.  25.  25.  25.  25.  25.  25.  25.  25.  25.
  26.  26.  26.  26.  26.  26.  26.  26.  26.  26.  26.  26.  26.  26.  26.
  26.  26.  26.  26.  26.  26.  26.  26.  26.  26.  26.  26.  26.  26.  26.
  26.  26.  26.  26.  26.]